Class: 0, BBox: [88674, 97134, 243421, 229404]
Class: 0, BBox: [88244, 96917, 243513, 229554]
Class: 0, BBox: [88360, 96920, 244120, 229684]
Class: 0, BBox: [89058, 97289, 243937, 229562]
Class: 0, BBox: [88844, 96795, 243896, 229663]
Class: 0, BBox: [88788, 97104, 244181, 229441]
Class: 0, BBox: [89081, 97389, 242900, 229470]
Class: 0, BBox: [88954, 97293, 243398, 229542]
Class: 0, BBox: [88843, 97416, 243976, 229462]
Class: 0, BBox: [89374, 97143, 243273, 229574]
Class: 0, BBox: [89401, 97250, 243286, 229482]
Class: 0, BBox: [89038, 97082, 242674, 229482]
Class: 0, BBox: [88550, 97433, 242919, 229392]
Class: 0, BBox: [88423, 97303, 243194, 229437]
Class: 0, BBox: [88477, 97313, 243315, 229444]
Class: 0, BBox: [88826, 97259, 243200, 229312]
Class: 0, BBox: [88558, 97114, 243084, 229476]
Class: 0, BBox: [88647, 97302, 244022, 229536]
Class: 0, BBox: [89153, 97121, 244413, 229480]
Class: 0, BBox: [87526, 97119, 248605, 230193]
Class: 0, BBox: [88853, 97445, 243487, 229579]
Class: 0, BBox: [88964, 97352, 243744, 229540]
Class: 0, BBox: [87503, 97218, 248247, 230193]
Class: 0, BBox: [88581, 97437, 244240, 229559]
Class: 0, BBox: [88678, 97510, 244305, 229529]
Class: 0, BBox: [88731, 97733, 244235, 229460]
Class: 0, BBox: [87785, 97259, 249516, 230197]
Class: 0, BBox: [87456, 97285, 250104, 230312]
Class: 0, BBox: [87777, 97593, 244633, 229684]
Class: 0, BBox: [87557, 97517, 243858, 229532]
Class: 0, BBox: [87522, 96997, 244894, 229677]
Class: 0, BBox: [87180, 96880, 250771, 230342]
Class: 0, BBox: [87186, 96934, 254979, 230332]
Class: 0, BBox: [86536, 97116, 253535, 230289]
Class: 0, BBox: [86023, 96901, 255135, 230277]
Class: 0, BBox: [86284, 96748, 251775, 230360]
Class: 0, BBox: [86174, 96620, 252753, 230298]
Class: 0, BBox: [86690, 96545, 246089, 229764]
Class: 0, BBox: [87176, 96616, 245630, 229700]
Class: 0, BBox: [87422, 96897, 245381, 229657]
Class: 0, BBox: [87064, 96650, 246073, 229593]
Class: 0, BBox: [86489, 96800, 253223, 230371]
Class: 0, BBox: [86895, 96709, 245348, 229422]
Class: 0, BBox: [86791, 96506, 245370, 229362]
Class: 0, BBox: [86483, 96422, 244321, 229419]
Class: 0, BBox: [86589, 96334, 245090, 229539]
Class: 0, BBox: [86819, 96158, 244193, 229420]
Class: 0, BBox: [87205, 96134, 245003, 229342]
Class: 0, BBox: [87159, 96170, 245621, 229363]
Class: 0, BBox: [87168, 96189, 246280, 229437]
Class: 0, BBox: [87420, 96190, 245820, 229357]
Class: 0, BBox: [87446, 96135, 245796, 229395]
Class: 0, BBox: [87769, 96376, 244900, 229352]
Class: 0, BBox: [87847, 96163, 245723, 229259]
Class: 0, BBox: [87819, 96359, 245089, 229259]
Class: 0, BBox: [87930, 96459, 245212, 229307]
Class: 0, BBox: [87511, 96067, 246849, 229295]
Class: 0, BBox: [88046, 96308, 246499, 229215]
Class: 0, BBox: [87910, 95953, 247135, 229368]
Class: 0, BBox: [87159, 96329, 253051, 230288]
Class: 0, BBox: [87338, 96216, 254665, 230207]
Class: 0, BBox: [87442, 96073, 254565, 230106]
Class: 0, BBox: [87090, 96223, 254566, 230068]
Class: 0, BBox: [87869, 95933, 246738, 229354]
Class: 0, BBox: [87866, 95669, 246337, 229292]
Class: 0, BBox: [87740, 95964, 254650, 229895]
Class: 0, BBox: [87442, 95863, 255243, 230005]
Class: 0, BBox: [87569, 96087, 254433, 229799]
Class: 0, BBox: [87624, 95872, 254395, 230055]
Class: 0, BBox: [88055, 96277, 249635, 230158]
Class: 0, BBox: [86719, 96069, 253066, 230193]
Class: 0, BBox: [86136, 95268, 243867, 229156]
Class: 0, BBox: [84541, 94559, 245030, 229373]
Class: 0, BBox: [84742, 94929, 241924, 228918]
Class: 0, BBox: [83336, 94606, 242632, 229180]
Class: 0, BBox: [82176, 94634, 243899, 228741]
Class: 0, BBox: [81326, 94364, 244573, 228760]
Class: 0, BBox: [80128, 94461, 244829, 229748]
Class: 0, BBox: [79132, 93742, 248033, 229430]
Class: 0, BBox: [76971, 93032, 285489, 229279]
Class: 0, BBox: [78920, 92975, 275473, 229579]
Class: 0, BBox: [78427, 92999, 273141, 229752]
Class: 0, BBox: [79350, 93193, 266286, 229579]
Class: 0, BBox: [228616, 143566, 305066, 230400]
Class: 0, BBox: [228812, 143467, 305390, 230400]
Class: 0, BBox: [228612, 143512, 305400, 230400]
Class: 0, BBox: [228252, 143424, 304406, 230400]
Class: 0, BBox: [74006, 91865, 256930, 230044]
Class: 0, BBox: [73422, 91955, 256667, 230225]
Class: 0, BBox: [227773, 143403, 304942, 230400]
Class: 0, BBox: [73447, 92102, 256652, 230378]
Class: 0, BBox: [227759, 143515, 304089, 230400]
Class: 0, BBox: [72754, 92164, 256368, 230377]
Class: 0, BBox: [227666, 143613, 304273, 230400]
Class: 0, BBox: [72900, 91928, 254929, 230400]
Class: 0, BBox: [227454, 143558, 304437, 230400]
Class: 0, BBox: [72944, 91639, 255300, 230214]
Class: 0, BBox: [227495, 143458, 304246, 230400]
Class: 0, BBox: [73092, 91428, 254875, 230315]
Class: 0, BBox: [227386, 143354, 304926, 230400]
Class: 0, BBox: [73379, 91232, 254901, 230185]
Class: 0, BBox: [227422, 143393, 305196, 230400]
Class: 0, BBox: [73417, 91239, 254377, 230003]
Class: 0, BBox: [227605, 143451, 304435, 230400]
Class: 0, BBox: [73454, 91321, 254777, 230048]
Class: 0, BBox: [227422, 143471, 304816, 230400]
Class: 0, BBox: [73531, 91730, 254299, 230045]
Class: 0, BBox: [227328, 143477, 304902, 230400]
Class: 0, BBox: [73897, 91975, 254489, 230008]
Class: 0, BBox: [227413, 143454, 304648, 230400]
Class: 0, BBox: [74506, 91942, 254804, 230087]
Class: 0, BBox: [227487, 143471, 304810, 230400]
Class: 0, BBox: [74845, 92078, 254385, 229912]
Class: 0, BBox: [227594, 143411, 305485, 230400]
Class: 0, BBox: [74926, 92301, 254427, 230111]
Class: 0, BBox: [227784, 143359, 304738, 230400]
Class: 0, BBox: [75080, 92173, 254748, 229790]
Class: 0, BBox: [227848, 143384, 304530, 230400]
Class: 0, BBox: [75511, 92397, 254332, 229900]
Class: 0, BBox: [227788, 143289, 304905, 230400]
Class: 0, BBox: [227854, 143450, 304640, 230400]
Class: 0, BBox: [75538, 92263, 255673, 229799]
Class: 0, BBox: [75811, 92348, 255721, 229712]
Class: 0, BBox: [227852, 143557, 304547, 230400]
Class: 0, BBox: [228145, 143495, 305581, 230400]
Class: 0, BBox: [75799, 92319, 255625, 229658]
Class: 0, BBox: [228312, 143560, 305196, 230400]
Class: 0, BBox: [76092, 92188, 255746, 229872]
Class: 0, BBox: [228475, 143451, 304971, 230400]
Class: 0, BBox: [76572, 91823, 256904, 229831]
Class: 0, BBox: [228428, 143391, 305329, 230400]
Class: 0, BBox: [228348, 143477, 304458, 230400]
