Class: 0, BBox: [41886, 98223, 208647, 230400]
Class: 0, BBox: [1498, 7843, 92834, 227561]
Class: 0, BBox: [41923, 98425, 209027, 230141]
Class: 0, BBox: [972, 7772, 92649, 227883]
Class: 0, BBox: [41456, 98255, 208397, 230140]
Class: 0, BBox: [1938, 8271, 92031, 227062]
Class: 0, BBox: [41722, 98240, 208044, 229971]
Class: 0, BBox: [1225, 7693, 92906, 227272]
Class: 0, BBox: [41524, 98013, 208322, 230296]
Class: 0, BBox: [41620, 98166, 208528, 230227]
Class: 0, BBox: [1727, 7288, 92564, 227156]
Class: 0, BBox: [41434, 98065, 208576, 230229]
Class: 0, BBox: [1179, 7666, 92940, 226966]
Class: 0, BBox: [42095, 97933, 208242, 230234]
Class: 0, BBox: [1730, 8575, 92346, 227120]
Class: 0, BBox: [41865, 98117, 208252, 230195]
Class: 0, BBox: [1714, 8370, 92764, 226474]
Class: 0, BBox: [41299, 98108, 208083, 230178]
Class: 0, BBox: [1592, 8615, 92606, 226762]
Class: 0, BBox: [41123, 98030, 208254, 230253]
Class: 0, BBox: [979, 8589, 92624, 226798]
Class: 0, BBox: [40905, 97980, 208787, 230217]
Class: 0, BBox: [1094, 8268, 92634, 227048]
Class: 0, BBox: [41248, 98010, 208557, 230298]
Class: 0, BBox: [1079, 8426, 92552, 226819]
Class: 0, BBox: [41248, 98010, 208557, 230298]
Class: 0, BBox: [1079, 8426, 92552, 226819]
Class: 0, BBox: [41209, 98133, 208580, 230190]
Class: 0, BBox: [1580, 8622, 92305, 226176]
Class: 0, BBox: [41231, 98047, 208414, 230156]
Class: 0, BBox: [1995, 8717, 92293, 226617]
Class: 0, BBox: [41293, 98138, 208790, 230187]
Class: 0, BBox: [1443, 8060, 92605, 226572]
Class: 0, BBox: [41584, 97838, 208383, 230044]
Class: 0, BBox: [1931, 7950, 92467, 226985]
Class: 0, BBox: [41437, 97631, 208191, 230046]
Class: 0, BBox: [1699, 7654, 92402, 226979]
Class: 0, BBox: [41121, 97599, 208399, 229980]
Class: 0, BBox: [2123, 7726, 92463, 227087]
Class: 0, BBox: [40840, 97519, 208522, 230185]
Class: 0, BBox: [1825, 7784, 92434, 227098]
Class: 0, BBox: [41094, 97797, 208720, 230304]
Class: 0, BBox: [1454, 7687, 92683, 226878]
Class: 0, BBox: [40715, 97967, 208467, 230323]
Class: 0, BBox: [1320, 7600, 92645, 226737]
Class: 0, BBox: [40786, 97656, 208291, 230314]
Class: 0, BBox: [1481, 7762, 92294, 226945]
Class: 0, BBox: [40640, 97607, 208332, 230228]
Class: 0, BBox: [1874, 7593, 92584, 226871]
Class: 0, BBox: [40626, 97620, 208064, 230181]
Class: 0, BBox: [2037, 7789, 92595, 227114]
Class: 0, BBox: [40626, 97620, 208064, 230181]
Class: 0, BBox: [2037, 7789, 92595, 227114]
Class: 0, BBox: [40605, 97514, 207911, 230134]
Class: 0, BBox: [1936, 8518, 92470, 226897]
Class: 0, BBox: [40585, 97273, 207842, 230148]
Class: 0, BBox: [1623, 8696, 92560, 226848]
Class: 0, BBox: [40675, 97315, 207983, 230149]
Class: 0, BBox: [2384, 8759, 92446, 227055]
Class: 0, BBox: [40652, 97351, 207954, 230158]
Class: 0, BBox: [1666, 9217, 92843, 226940]
Class: 0, BBox: [40663, 97478, 208140, 230013]
Class: 0, BBox: [1409, 9494, 92544, 226772]
Class: 0, BBox: [40769, 97372, 208614, 230110]
Class: 0, BBox: [1147, 9747, 92811, 226858]
Class: 0, BBox: [40804, 97433, 208873, 230117]
Class: 0, BBox: [1116, 10308, 92738, 226767]
Class: 0, BBox: [41110, 97434, 208895, 230089]
Class: 0, BBox: [703, 10983, 93237, 226530]
Class: 0, BBox: [40860, 97463, 208324, 230082]
Class: 0, BBox: [166, 10754, 93969, 226469]
Class: 0, BBox: [40696, 97583, 207679, 230108]
Class: 0, BBox: [308, 12059, 93996, 227272]
Class: 0, BBox: [40811, 97583, 207500, 230152]
Class: 0, BBox: [416, 12511, 93894, 227310]
Class: 0, BBox: [41092, 97548, 208037, 230083]
Class: 0, BBox: [716, 12638, 95637, 228090]
Class: 0, BBox: [41092, 97548, 208037, 230083]
Class: 0, BBox: [716, 12638, 95637, 228090]
Class: 0, BBox: [41277, 97478, 208276, 230114]
Class: 0, BBox: [813, 14311, 95176, 227851]
Class: 0, BBox: [41134, 97207, 208017, 230055]
Class: 0, BBox: [1146, 14928, 95444, 228190]
Class: 0, BBox: [41339, 97234, 208370, 230053]
Class: 0, BBox: [857, 16256, 96165, 228518]
Class: 0, BBox: [40869, 97195, 208550, 229860]
Class: 0, BBox: [1045, 18876, 95658, 228900]
Class: 0, BBox: [41264, 97409, 208676, 230051]
Class: 0, BBox: [1037, 19430, 96789, 228151]
Class: 0, BBox: [41211, 97419, 209084, 230008]
Class: 0, BBox: [1141, 19005, 98122, 229181]
Class: 0, BBox: [41417, 97423, 208884, 230140]
Class: 0, BBox: [41328, 97440, 208520, 230123]
Class: 0, BBox: [1018, 21455, 98219, 228617]
Class: 0, BBox: [40933, 97489, 208697, 230038]
Class: 0, BBox: [1066, 20579, 98535, 228347]
Class: 0, BBox: [41087, 97248, 208168, 229938]
Class: 0, BBox: [983, 21031, 98146, 228369]
Class: 0, BBox: [41345, 97345, 208738, 229849]
Class: 0, BBox: [1024, 20952, 98049, 228673]
Class: 0, BBox: [41345, 97345, 208738, 229849]
Class: 0, BBox: [1024, 20952, 98049, 228673]
Class: 0, BBox: [41612, 97488, 208654, 229988]
Class: 0, BBox: [1126, 20457, 97737, 228639]
Class: 0, BBox: [41698, 97414, 208717, 229936]
Class: 0, BBox: [1012, 20826, 97697, 228109]
Class: 0, BBox: [41078, 97442, 208595, 230091]
Class: 0, BBox: [980, 21049, 97727, 228157]
Class: 0, BBox: [40697, 97344, 208536, 230074]
Class: 0, BBox: [1107, 21519, 97173, 228337]
Class: 0, BBox: [40657, 97338, 208775, 230001]
Class: 0, BBox: [1086, 21042, 97287, 228377]
Class: 0, BBox: [40772, 97157, 208435, 229961]
Class: 0, BBox: [41044, 97116, 208530, 230022]
Class: 0, BBox: [734, 19758, 97449, 228354]
Class: 0, BBox: [41305, 97434, 208318, 230155]
Class: 0, BBox: [830, 20137, 97280, 228838]
Class: 0, BBox: [40939, 97640, 208279, 230073]
Class: 0, BBox: [769, 18688, 96923, 229320]
Class: 0, BBox: [40774, 97735, 208283, 230198]
Class: 0, BBox: [795, 16941, 96667, 229669]
Class: 0, BBox: [39620, 97646, 208065, 229972]
Class: 0, BBox: [1135, 16219, 96283, 229544]
Class: 0, BBox: [40169, 97558, 208541, 230076]
Class: 0, BBox: [1124, 14892, 96868, 229573]
Class: 0, BBox: [40169, 97558, 208541, 230076]
Class: 0, BBox: [1124, 14892, 96868, 229573]
Class: 0, BBox: [40538, 97551, 208710, 230243]
Class: 0, BBox: [977, 14596, 97123, 229281]
Class: 0, BBox: [41015, 97631, 208082, 230400]
Class: 0, BBox: [886, 14490, 96714, 228977]
Class: 0, BBox: [41518, 98129, 208281, 230400]
Class: 0, BBox: [847, 13728, 96644, 228945]
Class: 0, BBox: [41187, 98478, 207976, 230382]
Class: 0, BBox: [817, 13759, 96197, 228058]
Class: 0, BBox: [41079, 98395, 208379, 230298]
Class: 0, BBox: [730, 13501, 96078, 228349]
Class: 0, BBox: [41252, 97953, 208012, 230400]
Class: 0, BBox: [530, 12206, 96135, 228888]
Class: 0, BBox: [41360, 97718, 208500, 230400]
Class: 0, BBox: [754, 11968, 95818, 229116]
Class: 0, BBox: [41331, 97772, 208931, 230360]
Class: 0, BBox: [493, 11473, 95528, 229186]
Class: 0, BBox: [41457, 97904, 209255, 230289]
Class: 0, BBox: [271, 11745, 95659, 228983]
Class: 0, BBox: [41376, 97721, 208979, 230181]
Class: 0, BBox: [221, 11788, 95611, 228501]
Class: 0, BBox: [41428, 97745, 209043, 230400]
Class: 0, BBox: [0, 11644, 95949, 228854]
Class: 0, BBox: [41634, 97673, 209804, 230400]
Class: 0, BBox: [149, 11517, 95422, 228513]
Class: 0, BBox: [41634, 97673, 209804, 230400]
Class: 0, BBox: [149, 11517, 95422, 228513]
Class: 0, BBox: [41020, 97803, 209428, 230227]
Class: 0, BBox: [280, 11104, 95507, 228712]
Class: 0, BBox: [40872, 97639, 209140, 230098]
Class: 0, BBox: [484, 10865, 95292, 228331]
Class: 0, BBox: [41146, 97643, 209511, 230171]
Class: 0, BBox: [540, 10920, 94903, 228178]
Class: 0, BBox: [41013, 97700, 209883, 230117]
Class: 0, BBox: [655, 10878, 94870, 228359]
Class: 0, BBox: [41204, 97596, 209523, 230110]
Class: 0, BBox: [655, 11044, 95083, 228268]
Class: 0, BBox: [41425, 97696, 209881, 230178]
Class: 0, BBox: [710, 11430, 95546, 227594]
Class: 0, BBox: [40270, 97229, 209175, 230195]
Class: 0, BBox: [660, 11617, 96371, 228777]
Class: 0, BBox: [39792, 97240, 209607, 230319]
Class: 0, BBox: [736, 11392, 96335, 229378]
Class: 0, BBox: [39924, 97371, 210077, 230395]
Class: 0, BBox: [556, 11293, 96860, 228143]
Class: 0, BBox: [40396, 97495, 210741, 230307]
Class: 0, BBox: [428, 11066, 96866, 228099]
Class: 0, BBox: [40887, 97642, 210426, 230224]
Class: 0, BBox: [761, 12230, 96613, 228855]
Class: 0, BBox: [41093, 97533, 210593, 230169]
Class: 0, BBox: [641, 11960, 96565, 229369]
Class: 0, BBox: [41093, 97533, 210593, 230169]
Class: 0, BBox: [641, 11960, 96565, 229369]
Class: 0, BBox: [40715, 97632, 210502, 230078]
Class: 0, BBox: [599, 12040, 96432, 229652]
Class: 0, BBox: [40311, 97467, 210318, 230399]
Class: 0, BBox: [241, 11832, 97388, 229677]
Class: 0, BBox: [40316, 97377, 209452, 230072]
Class: 0, BBox: [88, 11419, 97929, 229986]
Class: 0, BBox: [40217, 97411, 209416, 230052]
Class: 0, BBox: [113, 11316, 97731, 230155]
Class: 0, BBox: [166, 11375, 97609, 230009]
Class: 0, BBox: [40808, 97418, 209442, 230188]
Class: 0, BBox: [40263, 97608, 210381, 230256]
Class: 0, BBox: [337, 11639, 96760, 229310]
Class: 0, BBox: [40337, 97626, 210398, 230204]
Class: 0, BBox: [412, 11914, 96802, 229472]
Class: 0, BBox: [40493, 97653, 210579, 230162]
Class: 0, BBox: [520, 12276, 97053, 229093]
Class: 0, BBox: [40593, 97610, 210144, 230107]
Class: 0, BBox: [467, 11876, 97186, 229156]
Class: 0, BBox: [40444, 97615, 209760, 230278]
Class: 0, BBox: [407, 11842, 97081, 229173]
Class: 0, BBox: [40469, 97495, 209971, 230282]
Class: 0, BBox: [398, 11413, 97142, 228955]
Class: 0, BBox: [40469, 97495, 209971, 230282]
Class: 0, BBox: [398, 11413, 97142, 228955]
Class: 0, BBox: [41019, 97765, 209996, 230181]
Class: 0, BBox: [167, 11642, 97481, 228592]
Class: 0, BBox: [41073, 97560, 209364, 230173]
Class: 0, BBox: [371, 11728, 96752, 228195]
Class: 0, BBox: [40640, 97637, 209722, 230070]
Class: 0, BBox: [632, 12152, 96280, 228078]
Class: 0, BBox: [40682, 97700, 209908, 229987]
Class: 0, BBox: [778, 12189, 95519, 228439]
Class: 0, BBox: [40491, 97812, 209960, 229968]
Class: 0, BBox: [336, 11863, 96349, 228771]
Class: 0, BBox: [40476, 97481, 210782, 230062]
Class: 0, BBox: [463, 11337, 96000, 228688]
Class: 0, BBox: [40721, 97684, 209770, 230013]
Class: 0, BBox: [326, 11516, 96007, 228399]
Class: 0, BBox: [40883, 97961, 209963, 229961]
Class: 0, BBox: [373, 11491, 94853, 228003]
Class: 0, BBox: [40809, 97927, 209146, 230200]
Class: 0, BBox: [403, 11860, 95043, 227464]
Class: 0, BBox: [40564, 98055, 208892, 230175]
Class: 0, BBox: [366, 11942, 94778, 227705]
Class: 0, BBox: [40387, 98132, 208878, 229934]
Class: 0, BBox: [711, 12190, 94139, 227668]
Class: 0, BBox: [40627, 97781, 209013, 229821]
Class: 0, BBox: [930, 11711, 93367, 227793]
Class: 0, BBox: [40627, 97781, 209013, 229821]
Class: 0, BBox: [930, 11711, 93367, 227793]
Class: 0, BBox: [40748, 97997, 209863, 229893]
Class: 0, BBox: [40611, 97922, 210126, 230058]
Class: 0, BBox: [40336, 97842, 210020, 230083]
Class: 0, BBox: [39895, 97771, 210200, 230121]
Class: 0, BBox: [40214, 98253, 209555, 230400]
Class: 0, BBox: [39610, 97921, 210311, 230400]
Class: 0, BBox: [39412, 97837, 210775, 230400]
Class: 0, BBox: [38868, 97987, 210146, 230400]
Class: 0, BBox: [38883, 97899, 210246, 230365]
Class: 0, BBox: [38678, 98424, 209740, 230400]
Class: 0, BBox: [39412, 98407, 209672, 230400]
Class: 0, BBox: [38525, 98335, 209774, 230375]
Class: 0, BBox: [38525, 98335, 209774, 230375]
Class: 0, BBox: [39640, 98726, 209046, 230140]
Class: 0, BBox: [39122, 98500, 210584, 230353]
Class: 0, BBox: [39120, 98804, 211133, 230264]
Class: 0, BBox: [39167, 98736, 211259, 230400]
Class: 0, BBox: [38421, 98561, 211519, 230251]
Class: 0, BBox: [37911, 98734, 211922, 230303]
Class: 0, BBox: [38598, 98819, 211869, 230291]
Class: 0, BBox: [38472, 98815, 211173, 230070]
Class: 0, BBox: [39154, 98581, 210691, 230262]
Class: 0, BBox: [38674, 98752, 210882, 230239]
Class: 0, BBox: [38488, 98708, 210962, 230091]
Class: 0, BBox: [38155, 98861, 210603, 230093]
Class: 0, BBox: [38155, 98861, 210603, 230093]
Class: 0, BBox: [37933, 98848, 210900, 230157]
Class: 0, BBox: [37287, 99030, 211081, 230246]
Class: 0, BBox: [38120, 98621, 210948, 230041]
Class: 0, BBox: [38209, 98622, 210450, 230123]
Class: 0, BBox: [39423, 98652, 210492, 230159]
Class: 0, BBox: [38642, 98817, 212075, 230175]
Class: 0, BBox: [38925, 99009, 211675, 230024]
Class: 0, BBox: [39595, 99059, 212066, 230123]
Class: 0, BBox: [40007, 99044, 211365, 230028]
Class: 0, BBox: [39925, 98809, 211449, 229779]
Class: 0, BBox: [41325, 98786, 211042, 229795]
Class: 0, BBox: [41325, 98786, 211042, 229795]
Class: 0, BBox: [41796, 98443, 210842, 229776]
Class: 0, BBox: [42199, 98564, 210780, 229938]
Class: 0, BBox: [42889, 98424, 210801, 229917]
Class: 0, BBox: [42549, 98407, 210486, 229871]
Class: 0, BBox: [43415, 98285, 210405, 229553]
Class: 0, BBox: [42629, 98045, 210025, 229615]
Class: 0, BBox: [42197, 97879, 209921, 229754]
Class: 0, BBox: [41946, 97788, 209344, 230099]
Class: 0, BBox: [42090, 97519, 209491, 229970]
Class: 0, BBox: [42909, 97263, 210105, 230019]
Class: 0, BBox: [43088, 97746, 209776, 230115]
Class: 0, BBox: [220, 15920, 97557, 227233]
Class: 0, BBox: [43070, 97754, 209713, 230210]
Class: 0, BBox: [779, 19193, 100535, 228521]
Class: 0, BBox: [43070, 97754, 209713, 230210]
Class: 0, BBox: [779, 19193, 100535, 228521]
Class: 0, BBox: [42901, 97461, 210176, 230243]
Class: 0, BBox: [1156, 21444, 102594, 228027]
Class: 0, BBox: [42200, 96771, 210560, 230200]
